1572377167.445153 0.0005560 0.0002182 -0.0000993 0.0001176 -0.0003845 -0.0000656 0.9999999
1572377192.111556 0.0054378 -0.0015938 0.0000002 -0.0001137 -0.0011313 -0.0000435 0.9999993
1572377192.278335 0.0055603 -0.0016412 0.0002157 -0.0001486 -0.0011515 0.0000646 0.9999993
1572377192.511534 0.0044055 -0.0018170 -0.0005028 -0.0002077 -0.0010549 -0.0000349 0.9999994
1572377230.344645 0.0003415 -0.0076332 0.0509131 -0.0008067 -0.0020130 -0.0002406 0.9999976
1572377231.277972 -0.0078212 -0.0257857 0.2081778 -0.0007906 -0.0050306 -0.0003519 0.9999869
1572377232.444695 -0.0189042 -0.0469751 0.4100018 -0.0011329 -0.0091878 0.0000406 0.9999571
1572377240.311359 -0.0296147 -0.0743243 0.6713539 -0.0012703 -0.0121653 -0.0005016 0.9999251
1572377240.844716 -0.0388061 -0.1047292 0.9471952 -0.0010347 -0.0150918 -0.0006529 0.9998854
1572377241.578064 -0.0498669 -0.1433033 1.3204535 -0.0017184 -0.0181617 -0.0017385 0.9998321
1572377242.511363 -0.0680060 -0.1811867 1.7234467 -0.0017913 -0.0212889 -0.0022537 0.9997692
1572377255.377935 -0.0826474 -0.2090030 1.9608796 -0.0017568 -0.0225660 -0.0027834 0.9997399
1572377256.378002 -0.0995631 -0.2492619 2.3609211 -0.0014170 -0.0252501 -0.0032224 0.9996750
1572377257.111366 -0.1005407 -0.2870837 2.7342014 -0.0007340 -0.0275325 -0.0033689 0.9996150
1572377257.877924 -0.1126023 -0.3314005 3.1804132 -0.0016169 -0.0289270 -0.0033126 0.9995747
1572377258.611266 -0.1732557 -0.3710530 3.6251323 -0.0023473 -0.0387106 -0.0047579 0.9992364
1572377259.411346 -0.2927117 -0.4158216 4.1054773 -0.0026361 -0.0570629 -0.0071618 0.9983414
1572377260.411316 -0.5379311 -0.4661995 4.6836934 -0.0026708 -0.0952779 -0.0104167 0.9953926
1572377260.877897 -0.6821901 -0.4872085 4.9610581 -0.0029366 -0.1147202 -0.0127651 0.9933115
1572377261.344625 -0.8329257 -0.5133430 5.2471633 -0.0028046 -0.1341053 -0.0142245 0.9908610
1572377261.811345 -0.9885761 -0.5354704 5.5402365 -0.0039809 -0.1503820 -0.0162369 0.9884866
1572377262.277948 -1.1481755 -0.5603232 5.8326635 -0.0047044 -0.1657638 -0.0182592 0.9859852
1572377262.777924 -1.3299564 -0.5831536 6.1388931 -0.0056600 -0.1825099 -0.0202579 0.9829790
1572377263.244645 -1.5073643 -0.6062900 6.4204168 -0.0061037 -0.1969383 -0.0230618 0.9801256
1572377263.678005 -1.6799817 -0.6296666 6.6811705 -0.0057013 -0.2105489 -0.0238133 0.9772766
1572377264.111226 -1.8635921 -0.6487812 6.9402122 -0.0059839 -0.2239925 -0.0264454 0.9742136
1572377264.544580 -2.0620589 -0.6720434 7.1964469 -0.0045675 -0.2379038 -0.0293797 0.9708335
1572377264.977967 -2.2873936 -0.6967714 7.4725585 -0.0029858 -0.2533029 -0.0320886 0.9668500
1572377265.411285 -2.5530539 -0.7202767 7.7635398 -0.0031941 -0.2725429 -0.0344007 0.9615232
1572377265.878013 -2.8556805 -0.7400894 8.0575705 -0.0042667 -0.2954649 -0.0359310 0.9546681
1572377266.377986 -3.1920786 -0.7602075 8.3377962 -0.0043018 -0.3203951 -0.0373129 0.9465391
1572377266.844586 -3.5363584 -0.7753497 8.5607586 -0.0051912 -0.3484698 -0.0389792 0.9364948
1572377267.311315 -3.9118237 -0.7832081 8.7312908 -0.0065533 -0.3831928 -0.0403756 0.9227623
1572377267.744693 -4.3049741 -0.7796746 8.8572512 -0.0073283 -0.4190633 -0.0446865 0.9068271
1572377267.977909 -4.5219097 -0.7788943 8.9125729 -0.0077390 -0.4389172 -0.0465010 0.8972901
1572377268.444628 -4.9802432 -0.7641397 8.9960184 -0.0116321 -0.4797292 -0.0505468 0.8758821
1572377268.711252 -5.2566972 -0.7580719 9.0095539 -0.0138355 -0.5063509 -0.0523047 0.8606286
1572377268.944625 -5.5139809 -0.7481403 9.0083599 -0.0145561 -0.5298488 -0.0553948 0.8461559
1572377269.177968 -5.7756701 -0.7417247 8.9860163 -0.0145245 -0.5543120 -0.0567977 0.8302417
1572377269.411332 -6.0342302 -0.7367424 8.9508419 -0.0156159 -0.5786648 -0.0582683 0.8133314
1572377269.877958 -6.5432410 -0.7391683 8.8405905 -0.0137860 -0.6259542 -0.0578516 0.7775888
1572377270.111297 -6.7930708 -0.7375100 8.7595272 -0.0129465 -0.6493565 -0.0566985 0.7582571
1572377270.377904 -7.0742207 -0.7307914 8.6615162 -0.0120295 -0.6730929 -0.0578652 0.7371925
1572377270.611305 -7.3102679 -0.7342793 8.5666599 -0.0087889 -0.6919797 -0.0575732 0.7195638
1572377270.811262 -7.5114126 -0.7348806 8.4959335 -0.0079335 -0.7060596 -0.0560188 0.7058887
1572377271.044619 -7.7419586 -0.7297364 8.4028807 -0.0043327 -0.7197628 -0.0575547 0.6918166
1572377271.311234 -7.9904199 -0.7298990 8.2847967 -0.0005858 -0.7351786 -0.0589289 0.6753070
1572377271.544615 -8.1977959 -0.7204524 8.1730175 0.0045534 -0.7473563 -0.0628748 0.6614262
1572377271.811345 -8.4141350 -0.7107897 8.0242577 0.0090338 -0.7621372 -0.0665000 0.6439278
1572377272.044572 -8.5905781 -0.6983966 7.8984561 0.0120122 -0.7740864 -0.0700802 0.6290746
1572377272.511299 -8.9032326 -0.6713948 7.6412091 0.0157624 -0.7966398 -0.0754083 0.5995250
1572377272.744660 -9.0451708 -0.6587322 7.5116892 0.0173032 -0.8074169 -0.0769707 0.5846828
1572377273.177891 -9.3012934 -0.6403204 7.2831526 0.0183299 -0.8244938 -0.0782678 0.5601321
1572377273.411250 -9.4236851 -0.6305160 7.1653953 0.0186332 -0.8320752 -0.0795810 0.5486078
1572377273.844608 -9.6245670 -0.6104295 6.9704523 0.0169872 -0.8441642 -0.0813132 0.5296097
1572377274.277956 -9.7995033 -0.5939051 6.7926455 0.0164690 -0.8539180 -0.0827964 0.5135149
1572377274.511333 -9.8891258 -0.5856524 6.6903782 0.0174524 -0.8591880 -0.0832367 0.5045425
1572377275.211287 -10.1793461 -0.5472257 6.3639493 -0.0167308 0.8748487 0.0857752 -0.4764478
1572377275.644639 -10.3423357 -0.5241728 6.1471844 -0.0164797 0.8844123 0.0878058 -0.4580757
1572377276.144610 -10.5237875 -0.4992092 5.8975954 -0.0161483 0.8941782 0.0897935 -0.4383168
1572377276.611352 -10.7058811 -0.4741948 5.6798086 -0.0133677 0.9013684 0.0899081 -0.4234062
1572377277.311304 -10.9848003 -0.4436564 5.3635073 -0.0096551 0.9090333 0.0905305 -0.4066564
1572377277.677908 -11.1386623 -0.4238839 5.1926813 -0.0108265 0.9116765 0.0915219 -0.4004405
1572377277.977899 -11.2531204 -0.4108024 5.0556865 -0.0106549 0.9140329 0.0923551 -0.3948429
1572377278.478004 -11.4413967 -0.3883271 4.8272324 -0.0109184 0.9176322 0.0932629 -0.3861786
1572377279.211353 -11.7141953 -0.3529131 4.4918284 -0.0095131 0.9226319 0.0945687 -0.3737870
1572377279.711308 -11.9137840 -0.3288292 4.2576618 -0.0060323 0.9263177 0.0932041 -0.3649823
1572377280.211287 -12.0939016 -0.3079867 4.0170121 -0.0057503 0.9297117 0.0924263 -0.3564554
1572377280.678038 -12.2636890 -0.2867600 3.7898364 -0.0048995 0.9323887 0.0924028 -0.3494125
1572377281.377976 -12.5196953 -0.2468359 3.4292493 -0.0044048 0.9363257 0.0933932 -0.3384559
1572377281.844576 -12.6803341 -0.2219129 3.1893344 -0.0048343 0.9388883 0.0940080 -0.3311012
1572377282.311309 -12.8369799 -0.2008814 2.9492130 -0.0050505 0.9414532 0.0940605 -0.3237174
1572377283.011273 -13.0819082 -0.1633730 2.6001620 -0.0047950 0.9439347 0.0950947 -0.3161032
1572377283.477997 -13.2388906 -0.1413430 2.3714519 -0.0054263 0.9451533 0.0958246 -0.3122073
1572377284.177962 -13.4812460 -0.1073153 2.0268445 -0.0033942 0.9470686 0.0949460 -0.3066511
1572377284.877930 -13.7174311 -0.0680596 1.6779547 -0.0027264 0.9486610 0.0961335 -0.3013192
1572377285.578017 -13.9610538 -0.0256516 1.3194470 -0.0025720 0.9503306 0.0970237 -0.2957223
1572377286.044617 -14.1138916 -0.0035233 1.0816917 -0.0027991 0.9513999 0.0971101 -0.2922329
1572377286.511347 -14.2627993 0.0215787 0.8408837 -0.0035981 0.9524035 0.0981559 -0.2885828
1572377287.211317 -14.4987164 0.0619338 0.4774885 -0.0024322 0.9537935 0.0986001 -0.2838134
1572377287.877915 -14.7329321 0.0981499 0.1288280 -0.0013404 0.9546022 0.0978684 -0.2813442
1572377288.311260 -14.8893461 0.1172372 -0.0907245 -0.0010878 0.9547296 0.0973431 -0.2810951
1572377289.077978 -15.1755962 0.1559218 -0.4842668 -0.0014259 0.9542003 0.0975024 -0.2828305
1572377289.544574 -15.3487148 0.1764077 -0.7150259 -0.0016904 0.9537419 0.0971385 -0.2844954
1572377290.244663 -15.6124516 0.2087003 -1.0685463 -0.0039366 0.9529487 0.0964550 -0.2873492
1572377290.744647 -15.7924786 0.2297556 -1.3123446 -0.0069106 0.9523357 0.0965961 -0.2892717
1572377291.244614 -15.9781494 0.2501959 -1.5542159 -0.0079923 0.9518594 0.0963044 -0.2909045
1572377291.744590 -16.1610832 0.2696655 -1.7909212 -0.0085914 0.9514036 0.0960848 -0.2924469
1572377292.211316 -16.3341255 0.2894492 -2.0125718 -0.0082754 0.9511511 0.0954565 -0.2934811
1572377292.711288 -16.5206337 0.3133073 -2.2476268 -0.0066126 0.9508386 0.0962026 -0.2942912
1572377293.211266 -16.6986847 0.3378381 -2.4910302 -0.0063264 0.9510019 0.0965418 -0.2936579
1572377293.711366 -16.8678532 0.3617371 -2.7333417 -0.0063165 0.9515024 0.0976051 -0.2916789
1572377294.411332 -17.0972576 0.3918886 -3.0731449 -0.0050982 0.9529679 0.0969201 -0.2871108
1572377295.144672 -17.3430748 0.4285915 -3.4386320 -0.0040219 0.9542206 0.0968750 -0.2829525
1572377295.644646 -17.5127716 0.4538449 -3.6928906 -0.0026655 0.9551127 0.0966409 -0.2800235
1572377295.911258 -17.6045265 0.4718463 -3.8333020 -0.0025063 0.9554137 0.0973848 -0.2787375
1572377296.311367 -17.7489929 0.4959424 -4.0488214 -0.0019832 0.9558429 0.0984442 -0.2768920
1572377296.844591 -17.9332676 0.5170932 -4.3290148 -0.0027850 0.9565588 0.0976074 -0.2747002
1572377297.344684 -18.1047287 0.5438161 -4.5819182 -0.0053506 0.9562824 0.0989186 -0.2751555
1572377298.111273 -18.3720989 0.5751698 -4.9572749 -0.0048444 0.9564367 0.0973726 -0.2751799
1572377298.844617 -18.6273117 0.6064360 -5.3176012 -0.0015888 0.9571791 0.0948288 -0.2735201
1572377299.544708 -18.8789024 0.6435375 -5.6779160 -0.0009241 0.9572910 0.0951230 -0.2730287
1572377300.044710 -19.0458927 0.6692438 -5.9298353 -0.0044203 0.9568071 0.0967823 -0.2741055
1572377300.744646 -19.2944660 0.7064633 -6.2883110 -0.0053890 0.9565707 0.0977954 -0.2745531
1572377301.211388 -19.4556484 0.7279236 -6.5166640 -0.0063088 0.9563858 0.0979981 -0.2751051
1572377301.778017 -19.6620293 0.7597587 -6.8194590 -0.0071502 0.9563054 0.0985602 -0.2751633
1572377302.244711 -19.9387741 0.8006268 -7.2205987 -0.0081435 0.9566715 0.0987694 -0.2737846
1572377302.744678 -20.2598343 0.8425832 -7.7034049 -0.0113754 0.9568625 0.0988720 -0.2729635
1572377303.011288 -20.4568501 0.8668919 -7.9818263 -0.0094659 0.9574089 0.0977696 -0.2715136
1572377303.278027 -20.6696739 0.8968976 -8.2895794 -0.0099195 0.9575065 0.0973701 -0.2712966
1572377303.744628 -21.0462379 0.9547138 -8.8498821 -0.0128939 0.9574099 0.0992271 -0.2708395
1572377304.044638 -21.2724609 0.9902165 -9.1927967 -0.0127218 0.9576841 0.0994622 -0.2697900
1572377304.277977 -21.4464550 1.0125287 -9.4578495 -0.0120799 0.9579625 0.0996471 -0.2687609
1572377304.777951 -21.8154297 1.0643771 -10.0130157 -0.0087566 0.9591242 0.0979274 -0.2653569
1572377305.044691 -22.0008221 1.0922556 -10.3051243 -0.0086632 0.9593914 0.0979440 -0.2643861
1572377305.278054 -22.1668777 1.1118176 -10.5532742 -0.0061237 0.9600133 0.0959960 -0.2629102
1572377305.511296 -22.3263321 1.1305172 -10.8056936 -0.0070441 0.9602785 0.0954451 -0.2621181
1572377306.044639 -22.6950607 1.1790876 -11.3762388 -0.0043676 0.9612276 0.0933980 -0.2594211
1572377306.278006 -22.8480415 1.1983662 -11.6168327 -0.0029639 0.9619199 0.0920922 -0.2573331
1572377306.777984 -23.1745911 1.2375410 -12.1370964 -0.0015911 0.9625895 0.0899591 -0.2555901
1572377307.277967 -23.4371719 1.2713015 -12.6605101 -0.0016105 0.9655260 0.0874873 -0.2451587
1572377307.744686 -23.6363907 1.3159580 -13.1494427 0.0001350 0.9692526 0.0878842 -0.2298382
1572377308.211289 -23.7849598 1.3650002 -13.6459217 0.0034141 0.9741687 0.0891701 -0.2074425
1572377308.744638 -23.9079781 1.4223423 -14.2058735 -0.0002048 0.9787146 0.0927570 -0.1830678
1572377309.244645 -23.9961433 1.4713624 -14.7153625 0.0000723 0.9826652 0.0947784 -0.1593299
1572377309.744714 -24.0766296 1.5266879 -15.2278824 0.0014420 0.9857129 0.0963992 -0.1381130
1572377310.544676 -24.1843967 1.6082168 -16.0714264 0.0012231 0.9892306 0.0979728 -0.1087325
1572377311.011278 -24.2313843 1.6552222 -16.5660515 0.0014083 0.9908772 0.0978639 -0.0926447
1572377311.544629 -24.2829437 1.7055917 -17.1366043 0.0021698 0.9923456 0.0964211 -0.0771258
1572377312.077980 -24.3286419 1.7647338 -17.7113152 0.0020325 0.9932043 0.0971672 -0.0640285
1572377312.577956 -24.3556061 1.8149881 -18.2460155 0.0001624 0.9938562 0.0976520 -0.0520952
1572377313.078065 -24.3752575 1.8683653 -18.7731247 -0.0022162 0.9942330 0.0992344 -0.0405998
1572377313.811403 -24.4061241 1.9320056 -19.5303802 -0.0002865 0.9950032 0.0962335 -0.0266020
1572377314.344743 -24.4292450 1.9764345 -20.0716667 0.0019455 0.9953393 0.0943835 -0.0196885
1572377314.844720 -24.4508076 2.0119777 -20.5664139 0.0019646 0.9956303 0.0920516 -0.0155888
1572377315.144733 -24.4536400 2.0403857 -20.8578205 0.0017742 0.9956247 0.0926967 -0.0116437
1572377315.644684 -24.4582043 2.0890408 -21.3294640 0.0037107 0.9954326 0.0952724 -0.0048281
1572377316.178066 -24.4592667 2.1322656 -21.8223076 0.0040878 0.9954379 0.0953201 0.0008343
1572377316.711382 -24.4655075 2.1699843 -22.2958755 0.0088027 0.9953501 0.0955855 0.0080132
1572377317.277988 -24.5067081 2.2073817 -22.7733192 0.0084383 0.9955201 0.0941375 0.0025824
1572377317.778124 -24.5693378 2.2413487 -23.1892185 0.0064786 0.9956495 0.0927269 -0.0064674
1572377318.278062 -24.6464806 2.2873359 -23.6203918 0.0066337 0.9954855 0.0932640 -0.0163228
1572377318.811411 -24.7262344 2.3403935 -24.0890579 0.0077805 0.9950448 0.0960986 -0.0242992
1572377319.311389 -24.7701035 2.3789186 -24.5127277 0.0074726 0.9948879 0.0976283 -0.0247184
1572377319.777990 -24.8054676 2.4099600 -24.8940430 0.0070168 0.9949260 0.0975376 -0.0236543
1572377320.378086 -24.8438892 2.4510093 -25.3807392 0.0088023 0.9951794 0.0956714 -0.0196851
1572377320.878065 -24.8769131 2.4917276 -25.8195324 0.0092098 0.9952918 0.0948317 -0.0177854
1572377321.144741 -24.8902988 2.5078554 -26.0549965 0.0101923 0.9954154 0.0937413 -0.0160283
1572377321.711409 -24.9085865 2.5553458 -26.5581055 0.0085381 0.9953809 0.0948721 -0.0119690
1572377322.244752 -24.9208279 2.5935557 -27.0095959 0.0083607 0.9954733 0.0943755 -0.0074964
1572377322.744729 -24.9344425 2.6395690 -27.4356346 0.0092581 0.9953102 0.0961882 -0.0044341
1572377323.278075 -24.9405708 2.6840124 -27.9024124 0.0088600 0.9952626 0.0968167 -0.0005787
1572377323.811444 -24.9619999 2.7264311 -28.3665485 0.0075927 0.9952686 0.0968640 0.0003025
1572377324.344777 -24.9826336 2.7672923 -28.8175163 0.0070493 0.9952300 0.0972990 0.0006414
1572377324.844778 -25.0078278 2.8041096 -29.2492695 0.0119476 0.9953365 0.0956976 0.0021118
1572377325.344741 -25.0325432 2.8431659 -29.7006321 0.0121748 0.9953580 0.0954503 0.0018633
1572377325.911454 -25.0541592 2.8922713 -30.2149792 0.0109672 0.9953087 0.0961114 0.0016930
1572377326.444808 -25.0605774 2.9346709 -30.6962814 0.0105906 0.9952939 0.0961942 0.0049597
1572377326.978028 -25.0643291 2.9811463 -31.1830978 0.0106077 0.9953184 0.0957225 0.0081212
1572377327.544758 -25.0634918 3.0289602 -31.7027798 0.0113713 0.9951966 0.0964523 0.0123056
1572377328.044741 -25.0513954 3.0761786 -32.1526413 0.0091455 0.9950733 0.0974952 0.0154985
1572377328.311469 -25.0498142 3.0971210 -32.3944244 0.0093229 0.9950863 0.0971050 0.0169384
1572377328.844823 -25.0154648 3.1434512 -32.8695412 0.0079007 0.9948956 0.0977094 0.0239411
1572377329.378041 -24.9491291 3.1889427 -33.3457413 0.0054056 0.9945220 0.0979506 0.0360881
1572377329.911391 -24.8533344 3.2394586 -33.8095474 0.0046123 0.9937184 0.0988876 0.0521892
1572377330.178132 -24.7784176 3.2678792 -34.0371094 0.0045732 0.9929813 0.0989450 0.0646311
1572377330.478115 -24.6730175 3.2914143 -34.2816277 0.0023083 0.9917310 0.0999061 0.0805174
1572377330.778128 -24.5598907 3.3149848 -34.5185051 0.0018064 0.9902140 0.1001835 0.0971404
1572377331.078089 -24.4279022 3.3374534 -34.7365150 0.0021143 0.9881796 0.0995924 0.1165248
1572377331.611438 -24.1681652 3.3729184 -35.0996017 0.0027245 0.9832994 0.0991571 0.1525869
1572377331.878064 -24.0185413 3.3906446 -35.2665443 0.0038769 0.9799629 0.0983152 0.1731812
1572377332.478149 -23.6553268 3.4275727 -35.6072769 0.0032851 0.9706240 0.0976310 0.2198781
1572377332.744762 -23.4828072 3.4475946 -35.7409859 0.0028696 0.9656971 0.0978624 0.2405075
1572377333.244744 -23.1599388 3.4708061 -35.9655037 0.0030009 0.9556369 0.0975849 0.2778961
1572377333.544763 -22.9680576 3.4833684 -36.0734749 0.0029109 0.9488303 0.0970369 0.3004936
1572377334.078077 -22.6484756 3.5093102 -36.2357864 0.0033222 0.9366298 0.0974596 0.3364746
1572377334.578196 -22.3750839 3.5297451 -36.3569107 0.0046192 0.9256098 0.0971912 0.3657582
1572377335.111416 -22.0861721 3.5419595 -36.4751129 0.0046964 0.9147639 0.0962416 0.3923296
1572377335.611506 -21.8281288 3.5524354 -36.5743752 0.0049295 0.9048303 0.0958327 0.4148179
1572377336.178106 -21.5387344 3.5569766 -36.6678848 0.0033296 0.8943201 0.0926463 0.4377180
1572377336.944823 -21.1651478 3.5563691 -36.7702827 0.0035267 0.8800957 0.0882236 0.4665144
1572377337.278182 -21.0051422 3.5576022 -36.8078613 0.0049048 0.8733994 0.0867756 0.4791862
1572377337.811531 -20.7387810 3.5608675 -36.8535156 0.0042826 0.8622669 0.0844501 0.4993452
1572377338.411503 -20.4103374 3.5521455 -36.9130783 0.0060930 0.8446615 0.0829784 0.5287952
1572377338.644868 -20.2119083 3.5561109 -36.9361420 0.0083687 0.8346366 0.0846540 0.5441924
1572377339.144848 -19.7561131 3.5730033 -36.9889908 0.0048969 0.8183326 0.0846303 0.5684589
1572377339.678202 -19.3435135 3.5876431 -37.0308533 0.0025760 0.8039858 0.0858171 0.5884179
1572377340.178185 -19.0740166 3.5940804 -37.0685158 0.0000651 0.7978420 0.0849505 0.5968514
1572377340.944767 -18.7004070 3.6042635 -37.1188622 -0.0030567 0.7902835 0.0826281 0.6071370
1572377341.444867 -18.2997093 3.6079469 -37.1652756 -0.0058228 0.7830729 0.0781155 0.6169772
1572377341.711482 -18.0381489 3.6133742 -37.2017136 -0.0016794 0.7760619 0.0803127 0.6255198
1572377342.244828 -17.6155930 3.6193838 -37.2436829 -0.0013663 0.7676700 0.0798106 0.6358547
1572377342.811555 -17.2955170 3.6223030 -37.2618065 -0.0037333 0.7615405 0.0761332 0.6436194
1572377343.311532 -17.0555420 3.6203287 -37.2701454 -0.0037913 0.7567055 0.0744394 0.6494931
1572377344.078125 -16.6966629 3.6223650 -37.2839584 -0.0042042 0.7493631 0.0725904 0.6581549
1572377344.544853 -16.4838772 3.6215549 -37.2931366 -0.0050091 0.7456781 0.0715587 0.6624337
1572377345.311579 -16.1233101 3.6252575 -37.3170280 -0.0038728 0.7404327 0.0709510 0.6683639
1572377346.011540 -15.7917032 3.6290622 -37.3460922 -0.0028879 0.7367457 0.0707678 0.6724503
1572377346.278153 -15.6647186 3.6300488 -37.3595123 -0.0025949 0.7360424 0.0705223 0.6732470
1572377347.044865 -15.2921295 3.6352406 -37.4061203 -0.0023765 0.7345887 0.0712453 0.6747577
1572377347.711584 -14.9794283 3.6407316 -37.4562645 -0.0029401 0.7352588 0.0714350 0.6740052
1572377348.478196 -14.6213055 3.6485300 -37.5202141 -0.0029026 0.7368373 0.0723854 0.6721776
1572377349.244892 -14.2696495 3.6545935 -37.5874367 -0.0030761 0.7386830 0.0730362 0.6700774
1572377350.011514 -13.9117413 3.6610947 -37.6537666 -0.0044438 0.7412208 0.0713702 0.6674416
1572377350.511587 -13.6785107 3.6636708 -37.6961746 -0.0042967 0.7419969 0.0714039 0.6665760
1572377351.044936 -13.4225311 3.6659904 -37.7416382 -0.0034971 0.7426037 0.0709178 0.6659566
1572377351.578161 -13.1728029 3.6696191 -37.7873421 -0.0029713 0.7429287 0.0713397 0.6655515
1572377352.144885 -12.9115524 3.6710420 -37.8367500 -0.0021155 0.7436921 0.0712791 0.6647081
1572377352.678250 -12.6635036 3.6737084 -37.8829842 -0.0020831 0.7441102 0.0710880 0.6642606
1572377353.211589 -12.4211721 3.6742971 -37.9235954 -0.0008374 0.7437096 0.0708963 0.6647323
1572377353.778190 -12.1496239 3.6717942 -37.9683952 -0.0001900 0.7438417 0.0700485 0.6646749
1572377354.311540 -11.7745037 3.6783447 -38.0292511 0.0003860 0.7434874 0.0705372 0.6650195
1572377354.544964 -11.6396618 3.6778026 -38.0463486 0.0002384 0.7433483 0.0700216 0.6652294
1572377355.078274 -11.3650417 3.6815500 -38.0812683 0.0011808 0.7419351 0.0711782 0.6666818
1572377355.878221 -11.0010147 3.6856740 -38.1136742 0.0018796 0.7384328 0.0727538 0.6703882
1572377356.411596 -10.7738447 3.6874716 -38.1273079 0.0025052 0.7356387 0.0735462 0.6733649
1572377357.311533 -10.4017382 3.6872053 -38.1331978 0.0018817 0.7299150 0.0737665 0.6795433
1572377358.111672 -10.0737495 3.6832657 -38.1041908 0.0021003 0.7210845 0.0727398 0.6890150
1572377358.678234 -9.8430872 3.6761734 -38.0425797 0.0017000 0.7104778 0.0711236 0.7001142
1572377359.478311 -9.5019245 3.6669569 -37.9198151 0.0015154 0.6907157 0.0695152 0.7197758
1572377359.778300 -9.3712063 3.6626821 -37.8586922 0.0011329 0.6819692 0.0685690 0.7281587
1572377360.278278 -9.1464977 3.6556892 -37.7425919 0.0009640 0.6656446 0.0680184 0.7431620
1572377361.011620 -8.8362103 3.6356602 -37.5556335 0.0002400 0.6411378 0.0643201 0.7647256
1572377361.511600 -8.6222887 3.6225009 -37.4129105 0.0004925 0.6230517 0.0623718 0.7796897
1572377362.044953 -8.4081173 3.6071396 -37.2401123 -0.0001920 0.6026804 0.0596056 0.7957534
1572377362.778299 -8.1166744 3.5890117 -36.9778709 -0.0011046 0.5723416 0.0568410 0.8180422
1572377363.545015 -7.8381042 3.5620415 -36.6750107 -0.0015214 0.5385560 0.0534127 0.8408937
1572377364.278357 -7.5899878 3.5330625 -36.3556557 -0.0008114 0.5048872 0.0489252 0.8617973
1572377365.044946 -7.3538399 3.4998221 -35.9996681 -0.0004741 0.4695334 0.0445137 0.8817918
1572377365.611673 -7.1897383 3.4774091 -35.7253494 0.0008130 0.4427055 0.0426247 0.8956530
1572377366.145043 -7.0516653 3.4540374 -35.4576340 0.0014631 0.4172774 0.0408878 0.9078577
1572377366.645003 -6.9328308 3.4315121 -35.1988602 0.0013986 0.3936308 0.0385666 0.9184582
1572377367.211746 -6.8253870 3.4025099 -34.8977623 0.0016174 0.3657263 0.0351458 0.9300572
1572377367.744951 -6.7358484 3.3690114 -34.6234970 0.0030729 0.3409435 0.0326873 0.9395103
1572377368.245054 -6.6566429 3.3417025 -34.3640976 0.0044585 0.3183470 0.0316719 0.9474345
1572377368.745033 -6.5838861 3.3189523 -34.0823288 0.0045017 0.2953171 0.0297661 0.9549249
1572377369.245015 -6.5171785 3.2900879 -33.7958603 0.0056519 0.2716355 0.0293808 0.9619350
1572377369.744994 -6.4618263 3.2627530 -33.5106583 0.0059627 0.2500745 0.0274097 0.9678202
1572377370.244970 -6.4052658 3.2430472 -33.2327652 0.0031616 0.2331106 0.0232447 0.9721673
1572377370.778320 -6.3466969 3.2172048 -32.9419136 0.0017736 0.2176674 0.0178979 0.9758573
1572377371.245054 -6.2977605 3.1946268 -32.6904907 0.0015757 0.2022649 0.0186228 0.9791525
1572377371.711683 -6.2520127 3.1720426 -32.4373970 0.0007905 0.1882325 0.0177200 0.9819643
1572377372.178387 -6.2006054 3.1500390 -32.1703110 0.0011117 0.1749724 0.0179608 0.9844089
1572377372.678362 -6.1452990 3.1239574 -31.8822594 -0.0002880 0.1633804 0.0174199 0.9864093
1572377373.145095 -6.0967979 3.0995917 -31.6130447 -0.0010202 0.1536393 0.0149697 0.9880131
1572377373.611700 -6.0558605 3.0748973 -31.3425827 -0.0016057 0.1439589 0.0125428 0.9895029
1572377374.311690 -5.9998593 3.0389049 -30.9330750 -0.0023330 0.1283831 0.0111777 0.9916589
1572377374.778400 -5.9742222 3.0098844 -30.6644936 -0.0020310 0.1180449 0.0099121 0.9929567
1572377375.245004 -5.9532776 2.9853284 -30.3912888 -0.0018813 0.1073644 0.0081172 0.9941849
1572377375.778360 -5.9324803 2.9520485 -30.0793209 -0.0013857 0.0960657 0.0059429 0.9953563
1572377376.245107 -5.9083233 2.9283032 -29.8022995 -0.0013250 0.0876115 0.0053714 0.9961393
1572377376.745068 -5.8661532 2.9008734 -29.5046291 -0.0013440 0.0819891 0.0052937 0.9966183
1572377377.211828 -5.8067455 2.8779161 -29.2344933 -0.0016267 0.0819154 0.0054392 0.9966231
1572377377.711775 -5.7459097 2.8515167 -28.9459229 -0.0024020 0.0829767 0.0039028 0.9965410
1572377378.211755 -5.6812530 2.8232656 -28.6608639 -0.0027831 0.0839026 0.0032603 0.9964647
1572377378.678485 -5.6276360 2.7992549 -28.3947163 -0.0041623 0.0844246 0.0013952 0.9964202
1572377379.145092 -5.5670872 2.7753334 -28.1313438 -0.0041126 0.0843196 0.0017244 0.9964288
1572377379.411841 -5.5366068 2.7583740 -27.9782372 -0.0038556 0.0844899 0.0009041 0.9964164
1572377379.911833 -5.4703741 2.7306221 -27.6949177 -0.0033053 0.0844685 0.0010260 0.9964201
1572377380.378410 -5.4146295 2.7035224 -27.4284115 -0.0030404 0.0844098 0.0002713 0.9964265
1572377380.878390 -5.3501148 2.6758015 -27.1410828 -0.0027346 0.0832619 0.0017589 0.9965224
1572377381.378494 -5.3047509 2.6508679 -26.8566780 -0.0032516 0.0804968 0.0009856 0.9967491
1572377381.845138 -5.2654271 2.6260917 -26.5817280 -0.0033180 0.0770601 0.0000685 0.9970209
1572377382.378451 -5.2146749 2.5980368 -26.2651253 -0.0034980 0.0745388 0.0003086 0.9972119
1572377382.878430 -5.1726651 2.5705349 -25.9718475 -0.0037601 0.0710040 -0.0003867 0.9974689
1572377383.378408 -5.1292214 2.5421305 -25.6792336 -0.0038150 0.0684705 -0.0002775 0.9976458
1572377383.945136 -5.0885782 2.5092955 -25.3527145 -0.0033640 0.0645855 -0.0001449 0.9979065
1572377384.411864 -5.0559373 2.4821439 -25.0813808 -0.0030620 0.0620452 -0.0003395 0.9980686
1572377384.911846 -5.0264578 2.4536552 -24.7895660 -0.0026446 0.0580224 -0.0014519 0.9983107
1572377385.411846 -4.9920006 2.4252908 -24.4913197 -0.0025789 0.0552991 -0.0006890 0.9984663
1572377385.911862 -4.9534726 2.3949366 -24.1943760 -0.0024744 0.0531011 -0.0006027 0.9985859
1572377386.378535 -4.9115009 2.3667004 -23.9194221 -0.0022458 0.0532891 -0.0016316 0.9985753
1572377386.845137 -4.8331780 2.3406193 -23.6511478 -0.0030725 0.0597621 0.0005458 0.9982077
1572377387.378494 -4.7430515 2.3074794 -23.3596191 -0.0018257 0.0666469 0.0026111 0.9977716
1572377387.845268 -4.6538181 2.2812638 -23.1135330 -0.0015863 0.0748960 0.0047878 0.9971786
1572377388.345200 -4.5692215 2.2520268 -22.8494949 -0.0012344 0.0830896 0.0041677 0.9965326
1572377388.845183 -4.4758024 2.2225590 -22.5839691 -0.0009211 0.0907469 0.0059672 0.9958557
1572377389.345159 -4.4102468 2.1980181 -22.3185883 -0.0013729 0.0925453 0.0061934 0.9956883
1572377389.845143 -4.3488460 2.1704345 -22.0501995 -0.0009940 0.0924683 0.0064753 0.9956941
1572377390.345242 -4.2836680 2.1437705 -21.7729340 -0.0009841 0.0921010 0.0077484 0.9957190
1572377390.845225 -4.2205653 2.1151040 -21.4897251 -0.0011010 0.0905026 0.0100083 0.9958453
1572377391.378575 -4.1691709 2.0842512 -21.1896610 -0.0005506 0.0874335 0.0092784 0.9961270
1572377391.911926 -4.1243815 2.0598359 -20.8790913 -0.0019516 0.0819107 0.0098452 0.9965891
1572377392.445154 -4.0875483 2.0310259 -20.5712833 -0.0022106 0.0777848 0.0084996 0.9969315
1572377392.945260 -4.0501652 2.0057654 -20.2797909 -0.0027992 0.0736506 0.0076284 0.9972510
1572377393.511860 -4.0077047 1.9736474 -19.9456177 -0.0030019 0.0689809 0.0069254 0.9975894
1572377394.011839 -3.9682221 1.9442661 -19.6511402 -0.0031150 0.0662932 0.0060835 0.9977768
1572377394.578567 -3.9241042 1.9141965 -19.3141193 -0.0034259 0.0633239 0.0061017 0.9979685
1572377395.078547 -3.8849139 1.8877037 -19.0153694 -0.0034632 0.0606052 0.0050933 0.9981428
1572377395.611898 -3.8437881 1.8580568 -18.6987591 -0.0032278 0.0582077 0.0046954 0.9982882
1572377396.111878 -3.8055034 1.8295358 -18.4008503 -0.0030569 0.0565704 0.0038307 0.9983866
1572377396.645230 -3.7630391 1.8014708 -18.0875187 -0.0033772 0.0548668 0.0038710 0.9984804
1572377397.178585 -3.7203574 1.7713746 -17.7769623 -0.0035519 0.0540169 0.0035807 0.9985273
1572377397.678561 -3.6755762 1.7424611 -17.4854622 -0.0035217 0.0535549 0.0038348 0.9985513
1572377398.211929 -3.6275446 1.7109908 -17.1724358 -0.0026107 0.0537023 0.0036737 0.9985468
1572377398.711905 -3.5802016 1.6838981 -16.8807068 -0.0028921 0.0543911 0.0037784 0.9985084
1572377399.312034 -3.5256462 1.6504188 -16.5256844 -0.0028591 0.0543021 0.0051386 0.9985073
1572377399.778603 -3.4859958 1.6250170 -16.2493610 -0.0030542 0.0545301 0.0042370 0.9984984
1572377400.311957 -3.4333925 1.5949942 -15.9345169 -0.0028658 0.0552255 0.0043558 0.9984603
1572377400.911930 -3.3779936 1.5562844 -15.5840473 -0.0027445 0.0554099 0.0048973 0.9984479
1572377401.645276 -3.3083971 1.5157520 -15.1560421 -0.0025841 0.0556220 0.0046766 0.9984376
1572377402.445367 -3.2278779 1.4711341 -14.6799250 -0.0023922 0.0563852 0.0045601 0.9983958
1572377403.211961 -3.1436136 1.4247763 -14.2332516 -0.0011738 0.0584734 0.0062950 0.9982684
1572377403.978680 -3.0584958 1.3791575 -13.7859879 -0.0010511 0.0609143 0.0059553 0.9981247
1572377404.778654 -2.9691229 1.3346485 -13.3256865 -0.0012714 0.0636415 0.0053048 0.9979579
1572377405.312003 -2.9060438 1.3031827 -13.0211906 -0.0010921 0.0656053 0.0054762 0.9978300
1572377406.145341 -2.8097887 1.2556936 -12.5423021 -0.0012925 0.0679338 0.0050478 0.9976762
1572377406.712068 -2.7375371 1.2247883 -12.2248230 -0.0019696 0.0712931 0.0059678 0.9974356
1572377407.245297 -2.6549637 1.1929235 -11.9326048 -0.0012501 0.0750860 0.0084689 0.9971403
1572377407.845398 -2.5546799 1.1603632 -11.5968418 -0.0012213 0.0812401 0.0096939 0.9966466
1572377408.378751 -2.4608059 1.1358154 -11.2935915 -0.0025444 0.0872496 0.0101581 0.9961314
1572377408.978726 -2.3604147 1.1033832 -10.9514313 -0.0033659 0.0924156 0.0094259 0.9956702
1572377409.545331 -2.2618945 1.0689996 -10.6395979 -0.0025929 0.0982438 0.0082211 0.9951251
1572377410.112080 -2.1589398 1.0393873 -10.3301268 -0.0027815 0.1025692 0.0098673 0.9946730
1572377410.745404 -2.0389314 1.0036917 -9.9887171 -0.0023495 0.1067528 0.0123023 0.9942067
1572377411.312018 -1.9312590 0.9704173 -9.6813412 -0.0007489 0.1099828 0.0143594 0.9938295
1572377411.912107 -1.8133368 0.9343120 -9.3623953 0.0001431 0.1153241 0.0150431 0.9932140
1572377412.412092 -1.7141412 0.9089045 -9.0942125 -0.0001963 0.1204368 0.0152684 0.9926035
1572377412.978690 -1.6016225 0.8741810 -8.7942867 0.0002882 0.1260418 0.0131749 0.9919374
1572377413.578793 -1.4812167 0.8369292 -8.4835911 0.0015432 0.1310465 0.0136229 0.9912814
1572377414.145417 -1.3642693 0.8051679 -8.1879387 0.0015499 0.1354668 0.0145004 0.9906746
1572377414.712126 -1.2561359 0.7781057 -7.8929930 0.0006042 0.1389666 0.0139335 0.9901989
1572377415.312099 -1.1500164 0.7429901 -7.5830803 0.0010107 0.1401761 0.0126823 0.9900448
1572377415.878828 -1.0493574 0.7109677 -7.2908154 0.0011842 0.1409615 0.0118410 0.9899436
1572377416.445425 -0.9483238 0.6766853 -6.9964790 0.0019095 0.1406375 0.0122396 0.9899837
1572377417.012154 -0.8399273 0.6501067 -6.7027907 0.0009483 0.1422629 0.0128370 0.9897452
1572377417.545532 -0.7056834 0.6237792 -6.4328914 0.0004653 0.1496447 0.0132767 0.9886506
1572377418.078885 -0.5640820 0.5944325 -6.1688805 0.0007087 0.1588230 0.0132414 0.9872180
1572377418.645469 -0.4036578 0.5629740 -5.8942327 0.0005393 0.1681145 0.0158242 0.9856403
1572377419.178818 -0.2533441 0.5344353 -5.6402278 0.0006237 0.1757320 0.0180202 0.9842729
1572377419.712176 -0.1114388 0.5083280 -5.3891125 0.0006808 0.1823100 0.0188880 0.9830594
1572377420.245526 0.0036547 0.4832115 -5.1248288 0.0004054 0.1835687 0.0178693 0.9828444
1572377420.778881 0.0903521 0.4584412 -4.8497105 0.0002510 0.1770484 0.0177085 0.9840428
1572377421.345525 0.1305615 0.4287336 -4.5366507 -0.0005907 0.1614146 0.0156850 0.9867619
1572377421.612226 0.1319957 0.4128898 -4.3863406 -0.0006686 0.1513555 0.0145801 0.9883716
1572377422.178824 0.1074364 0.3822624 -4.0592656 -0.0008715 0.1250670 0.0121506 0.9920735
1572377422.745584 0.0693018 0.3514262 -3.7129705 -0.0013193 0.0994628 0.0087981 0.9950015
1572377423.312177 0.0437259 0.3195178 -3.3546946 -0.0012716 0.0772647 0.0083270 0.9969750
1572377423.645518 0.0229305 0.2992237 -3.1448491 -0.0010074 0.0647606 0.0072491 0.9978740
1572377424.178886 -0.0022550 0.2700090 -2.8061190 -0.0014266 0.0481622 0.0055986 0.9988228
1572377424.478882 -0.0127006 0.2497137 -2.6200342 -0.0014317 0.0410281 0.0046726 0.9991460
1572377424.778870 -0.0207794 0.2345596 -2.4335566 -0.0018527 0.0348188 0.0043071 0.9993826
1572377425.378825 -0.0312572 0.2014757 -2.0866597 -0.0022354 0.0248663 0.0035765 0.9996819
1572377425.945551 -0.0375885 0.1708431 -1.8015859 -0.0015943 0.0179930 0.0025533 0.9998336
1572377426.512278 -0.0393446 0.1467585 -1.5573854 -0.0013717 0.0134011 0.0023648 0.9999065
1572377427.145627 -0.0277845 0.1231198 -1.3392026 -0.0012359 0.0122413 0.0022629 0.9999217
1572377428.078966 -0.0108282 0.0959540 -1.0729908 -0.0006826 0.0118270 0.0023817 0.9999270
1572377429.012303 0.0186341 0.0770661 -0.9003698 -0.0006928 0.0145905 0.0022965 0.9998907
1572377430.012266 0.0457198 0.0600505 -0.7406490 -0.0005594 0.0192421 0.0018424 0.9998130
1572377430.879010 0.0809368 0.0389052 -0.5701450 0.0001147 0.0237675 0.0026112 0.9997141
1572377431.845593 0.1105692 0.0271445 -0.4299277 0.0001219 0.0268988 0.0029881 0.9996337
1572377433.745622 0.1479125 0.0036533 -0.2078197 -0.0005472 0.0307696 0.0034534 0.9995204
1572377434.045633 0.1560163 -0.0031841 -0.1359903 -0.0003864 0.0315414 0.0033246 0.9994968
1572377465.112687 0.1725780 -0.0375077 0.1662988 0.0004518 0.0289296 0.0028920 0.9995772
1572377465.712664 0.1774232 -0.0608722 0.4250047 0.0000267 0.0248388 0.0028110 0.9996875
1572377466.379387 0.1797746 -0.0912299 0.7221122 -0.0003933 0.0193213 0.0026402 0.9998097
1572377467.246106 0.1771434 -0.1289405 1.0883009 -0.0005765 0.0127389 0.0017593 0.9999171
1572377468.146078 0.1704115 -0.1663442 1.4361739 -0.0011651 0.0061972 0.0009105 0.9999797
1572377469.079416 0.1577861 -0.2010380 1.7730408 -0.0005764 0.0007463 0.0008209 0.9999992
1572377470.046128 0.1577423 -0.2474252 2.0920148 -0.0014276 -0.0054500 -0.0006164 0.9999840
1572377470.746123 0.0951471 -0.2587007 2.4841888 -0.0004263 -0.0094468 -0.0031623 0.9999503
1572377474.346220 -0.2357188 -0.4719347 4.6766019 -0.0025235 -0.0724981 -0.0089495 0.9973252
1572377475.679552 -0.6227498 -0.5698956 5.4364023 -0.0022579 -0.1258190 -0.0126400 0.9919701
1572377476.112908 -0.6280346 -0.6373398 5.6208153 -0.0055232 -0.1522500 -0.0120330 0.9882534
1572377476.412898 -0.7671411 -0.6469164 5.8214893 -0.0059768 -0.1688279 -0.0147619 0.9855169
1572377477.046271 -1.1067724 -0.6719836 6.2403402 -0.0072134 -0.2032677 -0.0200148 0.9788920
1572377477.346239 -1.2964814 -0.6871917 6.4581861 -0.0077272 -0.2186028 -0.0222595 0.9755294
1572377477.946219 -1.6952800 -0.7181773 6.8885040 -0.0074871 -0.2504325 -0.0265821 0.9677401
1572377478.279586 -1.9435898 -0.7410892 7.1356316 -0.0071271 -0.2690122 -0.0302563 0.9626351
1572377478.746192 -2.1178117 -0.7899921 7.2504172 -0.0052944 -0.2966191 -0.0358526 0.9543080
1572377479.012932 -2.3609753 -0.7974257 7.4480696 -0.0055182 -0.3173999 -0.0390408 0.9474717
1572377479.312917 -2.6702397 -0.8020699 7.6270437 -0.0048392 -0.3419339 -0.0418300 0.9387801
1572377479.612915 -2.9967642 -0.8119546 7.8066258 -0.0055474 -0.3693575 -0.0434561 0.9282542
1572377479.912898 -3.3567512 -0.8204526 7.9778938 -0.0068913 -0.3980388 -0.0452667 0.9162252
1572377480.212888 -3.7468970 -0.8230727 8.1234970 -0.0070594 -0.4288172 -0.0461386 0.9021847
1572377480.512875 -4.1693611 -0.8175381 8.2308693 -0.0080560 -0.4613696 -0.0494934 0.8857898
1572377480.812866 -4.6105642 -0.8069606 8.3009501 -0.0107312 -0.4959607 -0.0536282 0.8666210
1572377481.112981 -5.0785174 -0.7875282 8.3364315 -0.0129918 -0.5320007 -0.0567903 0.8447375
1572377481.379598 -5.5126948 -0.7709444 8.3326607 -0.0136293 -0.5648600 -0.0602973 0.8228680
1572377481.646248 -5.9563746 -0.7507183 8.2880583 -0.0149004 -0.5986408 -0.0626379 0.7984258
1572377481.946325 -6.4514365 -0.7300034 8.2021255 -0.0157516 -0.6361195 -0.0636218 0.7688017
1572377482.212942 -6.8891754 -0.7204079 8.0941010 -0.0114507 -0.6650857 -0.0646389 0.7438761
1572377482.479555 -7.3070893 -0.7152637 7.9663134 -0.0079216 -0.6919034 -0.0645160 0.7190582
1572377482.779670 -7.7557030 -0.7171373 7.7913365 -0.0053389 -0.7216806 -0.0605167 0.6895552
1572377483.012917 -8.0997286 -0.7019631 7.6041560 0.0013760 -0.7439674 -0.0632893 0.6652107
1572377483.312919 -8.3981075 -0.6933420 7.3973689 0.0140219 -0.7690544 -0.0755986 0.6345421
1572377483.613015 -8.6490946 -0.6833158 7.2004747 0.0208205 -0.7966709 -0.0810231 0.5985962
1572377483.879631 -8.9116688 -0.6604027 6.9251599 0.0252857 -0.8200324 -0.0854058 0.5653437
1572377484.112996 -9.1522741 -0.6196380 6.6550426 0.0246265 -0.8396148 -0.0884677 0.5353636
1572377484.446358 -9.4131260 -0.6166710 6.4504528 -0.0167767 0.8642760 0.0912214 -0.4943929
